 1.  L15  31  (00011111)
 2.  L14  30  (00011110)
 3.  L13  29  (00011101)
 4.  L12  28  (00011100)
 5.  L11  27  (00011011)
 6.  L10  26  (00011010)
 7.  L9   25  (00011001)
 8.  L8   24  (00011000)
 9.  L7   23  (00010111)
10.  L6   22  (00010110)
11.  L5   21  (00010101)
12.  L4   20  (00010100)
13.  L3   19  (00010011)
14.  L2   18  (00010010)
15.  L1   17  (00010001)
16.  C    16  (00010000)

17.  C    32  (00100000)  [Proper center]
18.  R1   33  (00100001)
19.  R2   34  (00100010)
20.  R3   35  (00100011)
21.  R4   36  (00100100)
22.  R5   37  (00100101)
23.  R6   38  (00100110)
24.  R7   39  (00100111)
25.  R8   40  (00101000)
26.  R9   41  (00101001)
27.  R10  42  (00101010)
28.  R11  43  (00101011)
29.  R12  44  (00101100)
30.  R13  45  (00101101)
31.  R14  46  (00101110)
32.  R15  47  (00101111)